

------------------Mushroom------------------


centroids for k =  2 
 [[108.9001794  108.9001794  108.9001794  108.9001794  108.9001794
  108.9001794  108.9001794  108.9001794  108.9001794  108.9001794
  108.9001794  108.9001794  108.9001794  108.9001794  108.9001794
  108.9001794  108.9001794  108.9001794  108.9001794  108.9001794
  108.9001794  108.9001794  108.9001794 ]
 [108.21992519 108.21992519 108.21992519 108.21992519 108.21992519
  108.21992519 108.21992519 108.21992519 108.21992519 108.21992519
  108.21992519 108.21992519 108.21992519 108.21992519 108.21992519
  108.21992519 108.21992519 108.21992519 108.21992519 108.21992519
  108.21992519 108.21992519 108.21992519]] 



centroids for k =  2 
 [[109.79284871 109.79284871 109.79284871 109.79284871 109.79284871
  109.79284871 109.79284871 109.79284871 109.79284871 109.79284871
  109.79284871 109.79284871 109.79284871 109.79284871 109.79284871
  109.79284871 109.79284871 109.79284871 109.79284871 109.79284871
  109.79284871 109.79284871 109.79284871]
 [107.43789323 107.43789323 107.43789323 107.43789323 107.43789323
  107.43789323 107.43789323 107.43789323 107.43789323 107.43789323
  107.43789323 107.43789323 107.43789323 107.43789323 107.43789323
  107.43789323 107.43789323 107.43789323 107.43789323 107.43789323
  107.43789323 107.43789323 107.43789323]] 



centroids for k =  2 
 [[109.84133351 109.84133351 109.84133351 109.84133351 109.84133351
  109.84133351 109.84133351 109.84133351 109.84133351 109.84133351
  109.84133351 109.84133351 109.84133351 109.84133351 109.84133351
  109.84133351 109.84133351 109.84133351 109.84133351 109.84133351
  109.84133351 109.84133351 109.84133351]
 [107.48865077 107.48865077 107.48865077 107.48865077 107.48865077
  107.48865077 107.48865077 107.48865077 107.48865077 107.48865077
  107.48865077 107.48865077 107.48865077 107.48865077 107.48865077
  107.48865077 107.48865077 107.48865077 107.48865077 107.48865077
  107.48865077 107.48865077 107.48865077]] 



centroids for k =  2 
 [[109.86970141 109.86970141 109.86970141 109.86970141 109.86970141
  109.86970141 109.86970141 109.86970141 109.86970141 109.86970141
  109.86970141 109.86970141 109.86970141 109.86970141 109.86970141
  109.86970141 109.86970141 109.86970141 109.86970141 109.86970141
  109.86970141 109.86970141 109.86970141]
 [107.51763638 107.51763638 107.51763638 107.51763638 107.51763638
  107.51763638 107.51763638 107.51763638 107.51763638 107.51763638
  107.51763638 107.51763638 107.51763638 107.51763638 107.51763638
  107.51763638 107.51763638 107.51763638 107.51763638 107.51763638
  107.51763638 107.51763638 107.51763638]] 



centroids for k =  2 
 [[109.86970141 109.86970141 109.86970141 109.86970141 109.86970141
  109.86970141 109.86970141 109.86970141 109.86970141 109.86970141
  109.86970141 109.86970141 109.86970141 109.86970141 109.86970141
  109.86970141 109.86970141 109.86970141 109.86970141 109.86970141
  109.86970141 109.86970141 109.86970141]
 [107.51763638 107.51763638 107.51763638 107.51763638 107.51763638
  107.51763638 107.51763638 107.51763638 107.51763638 107.51763638
  107.51763638 107.51763638 107.51763638 107.51763638 107.51763638
  107.51763638 107.51763638 107.51763638 107.51763638 107.51763638
  107.51763638 107.51763638 107.51763638]] 



centroids for k =  2 
 [[109.59239945 109.59239945 109.59239945 109.59239945 109.59239945
  109.59239945 109.59239945 109.59239945 109.59239945 109.59239945
  109.59239945 109.59239945 109.59239945 109.59239945 109.59239945
  109.59239945 109.59239945 109.59239945 109.59239945 109.59239945
  109.59239945 109.59239945 109.59239945]
 [107.87131616 107.87131616 107.87131616 107.87131616 107.87131616
  107.87131616 107.87131616 107.87131616 107.87131616 107.87131616
  107.87131616 107.87131616 107.87131616 107.87131616 107.87131616
  107.87131616 107.87131616 107.87131616 107.87131616 107.87131616
  107.87131616 107.87131616 107.87131616]] 



centroids for k =  2 
 [[109.90017735 109.90017735 109.90017735 109.90017735 109.90017735
  109.90017735 109.90017735 109.90017735 109.90017735 109.90017735
  109.90017735 109.90017735 109.90017735 109.90017735 109.90017735
  109.90017735 109.90017735 109.90017735 109.90017735 109.90017735
  109.90017735 109.90017735 109.90017735]
 [107.54796039 107.54796039 107.54796039 107.54796039 107.54796039
  107.54796039 107.54796039 107.54796039 107.54796039 107.54796039
  107.54796039 107.54796039 107.54796039 107.54796039 107.54796039
  107.54796039 107.54796039 107.54796039 107.54796039 107.54796039
  107.54796039 107.54796039 107.54796039]] 



centroids for k =  2 
 [[109.90017735 109.90017735 109.90017735 109.90017735 109.90017735
  109.90017735 109.90017735 109.90017735 109.90017735 109.90017735
  109.90017735 109.90017735 109.90017735 109.90017735 109.90017735
  109.90017735 109.90017735 109.90017735 109.90017735 109.90017735
  109.90017735 109.90017735 109.90017735]
 [107.54796039 107.54796039 107.54796039 107.54796039 107.54796039
  107.54796039 107.54796039 107.54796039 107.54796039 107.54796039
  107.54796039 107.54796039 107.54796039 107.54796039 107.54796039
  107.54796039 107.54796039 107.54796039 107.54796039 107.54796039
  107.54796039 107.54796039 107.54796039]] 

